8838,671.699,-3358.299,476.195,28.262,179.994,179.994
8838,673.321,-3354.038,473.414,37.985,179.994,179.994
8838,674.942,-3350.308,469.953,47.719,179.994,179.994
8838,676.564,-3347.217,465.911,57.453,179.994,179.994
8838,678.186,-3344.853,461.405,67.175,179.994,179.994
8838,679.807,-3343.285,456.565,76.904,179.994,179.994
8838,681.429,-3342.557,451.529,86.643,179.994,179.994
8838,683.050,-3342.691,446.442,83.622,0.000,0.000
8838,683.050,-3343.471,441.409,78.755,0.000,0.000
8838,683.050,-3344.674,436.460,73.888,0.000,0.000
8838,683.050,-3346.293,431.632,69.016,0.000,0.000
8838,683.050,-3348.316,426.958,64.165,0.000,0.000
8838,683.050,-3350.728,422.472,59.298,0.000,0.000
8838,683.050,-3353.511,418.207,54.437,0.000,0.000
8838,683.050,-3356.647,414.193,49.570,0.000,0.000
8838,683.050,-3360.111,410.460,44.703,0.000,0.000
8838,683.050,-3363.879,407.034,39.841,0.000,0.000
8838,683.050,-3367.925,403.940,34.974,0.000,0.000
8838,683.050,-3372.218,401.200,30.108,0.000,0.000
8838,683.050,-3376.728,398.834,25.246,0.000,0.000
8838,683.050,-3381.422,396.860,20.379,0.000,0.000
8838,683.050,-3386.267,395.290,15.518,0.000,0.000
8838,683.050,-3391.228,394.137,10.651,0.000,0.000
8838,683.050,-3396.269,393.409,5.784,0.000,0.000
8838,683.050,-3401.353,393.110,0.922,0.000,0.000
8838,683.050,-3406.444,393.244,356.055,0.000,0.000
8838,683.050,-3411.505,393.810,351.188,0.000,0.000
8838,683.050,-3416.501,394.802,346.327,0.000,0.000
8838,683.050,-3421.394,396.215,341.460,0.000,0.000
8838,683.050,-3426.150,398.038,336.599,0.000,0.000
8838,683.050,-3430.734,400.257,331.732,0.000,0.000
8838,680.799,-3515.899,423.995,323.250,0.000,0.000
8838,683.050,-3608.000,378.295,46.631,0.000,0.000
8838,683.050,-3611.569,374.612,45.159,0.000,0.000
8838,683.050,-3615.231,371.022,43.692,0.000,0.000
8838,683.050,-3618.985,367.526,42.225,0.000,0.000
8838,683.050,-3622.827,364.128,40.753,0.000,0.000
8838,683.050,-3626.754,360.830,39.287,0.000,0.000
8838,683.050,-3630.765,357.633,37.814,0.000,0.000
8838,683.050,-3634.857,354.541,36.348,0.000,0.000
8838,683.050,-3639.027,351.554,34.876,0.000,0.000
8838,683.050,-3643.272,348.675,33.409,0.000,0.000
8838,683.050,-3647.589,345.906,31.937,0.000,0.000
8838,683.050,-3652.017,343.448,26.130,0.000,0.000
8838,683.050,-3656.671,341.450,20.324,0.000,0.000
8838,683.050,-3661.504,339.933,14.518,0.000,0.000
8838,683.050,-3666.465,338.913,8.712,0.000,0.000
8838,683.050,-3671.504,338.400,2.905,0.000,0.000
8838,683.050,-3676.569,338.400,357.099,0.000,0.000
8838,683.050,-3681.608,338.912,351.293,0.000,0.000
8838,683.050,-3728.599,338.395,12.491,0.000,0.000
8838,683.050,-3733.593,337.552,6.685,0.000,0.000
8838,683.050,-3738.647,337.217,0.878,0.000,0.000
8838,683.050,-3743.709,337.396,355.072,0.000,0.000
8838,683.050,-3748.727,338.086,349.266,0.000,0.000
8838,683.050,-3753.649,339.280,343.454,0.000,0.000
8838,683.050,-3758.425,340.966,337.648,0.000,0.000
8838,683.050,-3763.006,343.127,331.842,0.000,0.000
8838,683.050,-3803.199,357.295,331.836,0.000,0.000
1318,683.200,-3740.300,338.500,0.000,0.000,0.000
1318,683.051,-3761.300,343.600,0.000,0.000,0.000
1318,683.051,-3802.199,358.200,0.000,0.000,0.000
8838,680.000,-3905.299,314.600,83.369,0.000,99.992
8838,680.742,-3905.168,309.527,79.705,0.000,99.997
8838,681.802,-3904.981,304.513,76.030,0.000,99.997
8838,683.178,-3904.739,299.579,72.362,0.000,100.000
8838,684.862,-3904.442,294.744,68.688,0.000,100.000
8838,686.847,-3904.092,290.028,65.015,0.000,100.000
8838,689.126,-3903.690,285.452,61.341,0.000,100.000
8838,691.689,-3903.239,281.033,57.668,0.000,100.000
8838,694.525,-3902.738,276.790,53.994,0.000,100.000
8838,697.624,-3902.192,272.740,50.321,0.000,100.000
8838,700.970,-3901.601,268.900,46.647,0.000,99.997
8838,704.554,-3900.970,265.286,42.974,0.000,100.000
8838,708.357,-3900.299,261.912,39.298,0.000,99.997
8838,712.366,-3899.593,258.793,35.627,0.000,100.000
8838,716.563,-3898.852,255.941,31.954,0.000,100.000
8838,720.932,-3898.082,253.367,28.280,0.000,100.000
8838,725.454,-3897.285,251.084,24.607,0.000,100.000
8838,730.110,-3896.464,249.099,20.933,0.000,100.000
8838,734.883,-3895.622,247.421,17.260,0.000,100.000
8838,739.751,-3894.764,246.057,13.586,0.000,100.000
8838,748.799,-3907.299,242.699,9.909,19.995,101.409
8838,753.786,-3906.420,241.881,8.442,19.995,99.997
8838,758.791,-3905.538,241.193,6.970,19.995,99.997
8838,763.812,-3904.652,240.636,5.505,20.000,100.000
8838,768.846,-3903.765,240.209,4.035,20.000,100.000
8838,773.888,-3902.875,239.914,2.565,19.995,99.997
8838,778.937,-3901.985,239.750,1.096,20.000,100.000
8838,783.988,-3901.095,239.718,359.627,20.000,100.000
8838,789.038,-3900.204,239.817,358.158,20.000,100.000
8838,794.084,-3899.315,240.047,356.688,20.000,100.000
8838,799.123,-3898.426,240.409,355.219,20.000,100.000
8838,804.150,-3897.540,240.902,353.750,20.000,100.000
8838,809.164,-3896.656,241.526,352.280,20.000,100.000
8838,814.160,-3895.775,242.280,350.811,20.000,100.000
8838,819.136,-3894.897,243.164,349.341,20.000,100.000
8838,824.087,-3894.024,244.177,347.872,20.000,100.000
8838,829.012,-3893.156,245.319,346.403,20.000,100.000
8838,833.905,-3892.293,246.588,344.933,20.000,100.000
8838,838.766,-3891.436,247.985,343.464,20.000,100.000
8838,843.589,-3890.586,249.508,341.994,20.000,100.000
8838,848.372,-3889.742,251.155,340.525,20.000,100.000
8838,853.112,-3888.906,252.927,339.056,20.000,100.000
8838,857.806,-3888.079,254.822,337.586,20.000,100.000
8838,862.451,-3887.260,256.838,336.117,20.000,100.000
8838,867.043,-3886.450,258.975,334.647,20.000,100.000
8838,871.579,-3885.650,261.230,333.178,20.000,100.000
8838,876.099,-3889.299,268.500,334.945,99.459,113.340
8838,880.529,-3887.312,270.247,335.530,100.947,116.888
8838,884.849,-3885.056,271.944,336.192,102.383,120.400
8838,889.046,-3882.541,273.583,336.932,103.766,123.875
8838,893.106,-3879.773,275.157,337.748,105.089,127.309
8838,897.018,-3876.763,276.662,338.635,106.350,130.702
8838,900.769,-3873.520,278.089,339.589,107.545,134.053
8838,904.348,-3870.053,279.433,340.607,108.672,137.361
8838,907.743,-3866.376,280.688,341.683,109.728,140.627
8838,910.944,-3862.499,281.850,342.815,110.711,143.852
8838,913.941,-3858.435,282.912,343.997,111.621,147.036
8838,916.726,-3854.198,283.870,345.225,112.456,150.183
8838,919.290,-3849.801,284.720,346.496,113.216,153.293
8838,921.625,-3845.259,285.457,347.804,113.900,156.370
8838,923.723,-3840.586,286.079,349.146,114.509,159.416
8838,925.580,-3835.797,286.580,350.518,115.042,162.435
8838,927.190,-3830.909,286.959,351.916,115.500,165.430
8838,928.547,-3825.937,287.213,353.325,115.872,168.398
8838,929.649,-3820.898,287.339,354.771,116.188,171.360
8838,930.492,-3815.807,287.337,356.222,116.419,174.303
8838,931.075,-3810.682,287.204,357.682,116.575,177.236
8838,931.395,-3805.538,286.940,359.149,116.656,180.163
8838,931.453,-3800.393,286.544,0.615,116.658,183.087
8838,931.250,-3795.265,286.017,2.085,116.593,186.014
8838,930.785,-3790.168,285.358,3.546,116.449,188.946
8838,930.062,-3785.120,284.568,4.999,116.229,191.887
8838,929.084,-3780.137,283.650,6.438,115.935,194.841
8838,927.855,-3775.236,282.604,7.860,115.565,197.812
8838,926.378,-3770.433,281.432,9.261,115.120,200.803
8838,924.661,-3765.742,280.137,10.638,114.599,203.817
8838,922.708,-3761.180,278.723,11.985,114.002,206.859
8838,920.527,-3756.761,277.191,13.299,113.329,209.931
8838,918.126,-3752.500,275.546,14.575,112.581,213.036
8838,915.513,-3748.411,273.793,15.811,111.758,216.177
8838,912.697,-3744.506,271.934,17.000,110.860,219.355
8838,909.689,-3740.799,269.976,18.140,109.888,222.573
8838,906.498,-3737.302,267.922,19.226,108.844,225.832
8838,903.137,-3734.025,265.779,20.253,107.728,229.134
8838,899.616,-3730.981,263.553,21.217,106.544,232.478
8838,895.947,-3728.178,261.248,22.115,105.293,235.864
8838,892.144,-3725.625,258.872,22.943,103.979,239.293
8838,888.219,-3723.332,256.430,23.695,102.606,242.761
8838,884.185,-3721.305,253.930,24.370,101.177,246.268
8838,880.058,-3719.552,251.377,24.963,99.699,249.809
8838,875.849,-3718.077,248.780,25.471,98.173,253.383
8838,871.576,-3716.886,246.145,25.893,96.615,256.984
8838,867.250,-3715.982,243.480,26.225,95.022,260.609
8838,862.889,-3715.368,240.792,26.466,93.405,264.251
8838,858.506,-3715.047,238.088,26.614,91.772,267.906
8838,854.116,-3715.020,235.376,26.668,90.130,271.567
8838,849.734,-3715.285,232.664,26.629,88.487,275.229
8838,845.376,-3715.843,229.958,26.495,86.852,278.885
8838,841.056,-3716.693,227.267,26.269,85.232,282.529
8838,836.788,-3717.829,224.597,25.952,83.635,286.157
8838,832.589,-3719.250,221.957,25.544,82.068,289.762
8838,828.471,-3720.951,219.354,25.049,80.538,293.341
8838,824.449,-3722.926,216.794,24.469,79.052,296.888
8838,820.537,-3725.168,214.285,23.807,77.616,300.400
8838,816.748,-3727.670,211.834,23.067,76.233,303.875
8838,813.095,-3730.424,209.446,22.251,74.910,307.309
8838,809.591,-3733.421,207.130,21.364,73.649,310.702
8838,806.248,-3736.652,204.890,20.410,72.454,314.053
8838,803.077,-3740.105,202.734,19.390,71.323,317.356
8838,800.090,-3743.769,200.666,18.316,70.271,320.627
8838,797.296,-3747.632,198.692,17.182,69.285,323.849
8838,794.707,-3751.683,196.818,16.002,68.378,327.036
8838,792.330,-3755.907,195.047,14.771,67.538,330.183
8558,790.399,-3774.399,177.399,334.313,343.723,55.717
8558,772.617,-3809.199,167.189,334.182,343.701,55.678
8838,760.500,-3832.099,167.000,22.445,149.485,334.638
8838,758.695,-3836.259,164.690,31.512,147.675,338.621
8838,757.348,-3840.149,161.699,40.424,144.824,343.458
8838,756.497,-3843.658,158.115,49.073,140.373,349.759
8838,756.167,-3846.686,154.038,57.237,133.243,358.639
8838,756.367,-3849.144,149.588,64.435,121.371,12.193
8838,757.091,-3850.963,144.891,69.606,101.668,33.536
8838,758.319,-3852.089,140.083,71.010,74.426,62.396
8838,760.015,-3852.491,135.303,67.917,49.471,88.972
8838,762.131,-3852.157,130.687,61.768,33.204,106.900
8838,764.605,-3851.097,126.369,54.105,23.528,118.281
8838,767.366,-3849.340,122.472,44.993,21.633,123.113
8838,770.335,-3846.939,119.110,36.460,17.469,129.453
8838,773.427,-3843.960,116.378,27.641,14.771,134.511
8838,776.552,-3840.492,114.356,18.665,13.040,138.812
6959,802.399,-3799.299,93.300,330.314,0.000,319.987
7191,804.699,-3799.699,94.400,359.615,342.998,230.542
7191,789.199,-3783.799,93.199,330.320,0.900,319.784
6959,870.899,-3856.000,80.500,0.000,90.000,50.103
6959,870.099,-3856.800,80.500,0.000,90.000,50.103
6959,870.099,-3856.799,59.900,0.000,0.000,0.000
8838,779.622,-3836.632,113.100,9.585,12.035,142.668
8838,961.135,-3732.223,118.066,341.795,0.000,288.583
8838,965.599,-3730.149,116.549,343.751,0.000,288.583
8838,970.110,-3728.059,115.201,345.710,0.000,288.586
8838,974.661,-3725.956,114.021,347.666,0.000,288.586
8838,979.247,-3723.840,113.013,349.623,0.000,288.586
8838,983.864,-3721.713,112.177,351.578,0.000,288.583
8838,988.504,-3719.580,111.513,353.534,0.000,288.583
8838,993.164,-3717.440,111.024,355.492,0.000,288.586
8838,997.836,-3715.295,110.708,357.449,0.000,288.586
8838,1002.516,-3713.148,110.568,359.406,0.000,288.586
8838,1007.197,-3711.000,110.602,1.362,0.000,288.586
8838,1011.875,-3708.854,110.811,3.319,0.000,288.586
8838,1016.542,-3706.710,111.195,5.273,0.000,288.583
8557,1098.400,-3687.199,94.800,0.000,90.000,197.056
8557,1096.900,-3682.300,94.800,0.000,90.000,197.056
8557,1095.400,-3677.400,94.800,0.000,90.000,197.056
8557,1093.900,-3672.500,94.800,0.000,90.000,197.056
8557,1092.400,-3667.600,94.800,0.000,90.000,197.056
8557,1090.900,-3662.700,94.800,0.000,90.000,197.056
8557,1101.699,-3698.000,94.800,0.000,90.000,197.056
8557,1122.699,-3652.300,94.800,0.000,90.000,197.056
8557,1112.099,-3655.899,94.800,0.000,90.000,197.056
8557,1112.799,-3658.000,94.800,0.000,90.000,197.056
8557,1122.999,-3653.200,94.800,0.000,90.000,197.056
8557,1143.900,-3645.199,94.800,0.000,90.000,197.056
8557,1154.400,-3641.699,94.800,0.000,90.000,197.056
8557,1114.300,-3662.900,94.800,0.000,90.000,197.056
8557,1115.800,-3667.801,94.800,0.000,90.000,197.056
8557,1117.300,-3672.702,94.800,0.000,90.000,197.056
8557,1117.900,-3674.500,94.800,0.000,90.000,197.056
8557,1121.300,-3685.699,94.800,0.000,90.000,197.056
8557,1122.300,-3689.300,94.800,0.000,90.000,197.056
8557,1124.499,-3658.100,94.800,0.000,90.000,197.056
8557,1125.999,-3663.000,94.800,0.000,90.000,197.056
8557,1127.499,-3667.899,94.800,0.000,90.000,197.056
8557,1131.099,-3679.800,94.800,0.000,90.000,197.056
8557,1131.999,-3682.599,94.800,0.000,90.000,197.056
8557,1133.000,-3685.699,94.800,0.000,90.000,197.056
8557,1144.899,-3648.500,94.800,0.000,90.000,197.056
8557,1146.399,-3653.399,94.800,0.000,90.000,197.056
8557,1149.399,-3663.199,94.800,0.000,90.000,197.056
8557,1150.899,-3668.099,94.800,0.000,90.000,197.056
8557,1152.399,-3672.999,94.800,0.000,90.000,197.056
8557,1153.899,-3677.899,94.800,0.000,90.000,197.056
8557,1155.099,-3643.700,94.800,0.000,90.000,197.056
8557,1156.199,-3647.500,94.800,0.000,90.000,197.056
8557,1159.600,-3658.402,94.800,0.000,90.000,197.056
8557,1161.100,-3663.303,94.800,0.000,90.000,197.056
8557,1162.600,-3668.203,94.800,0.000,90.000,197.056
8557,1164.100,-3673.104,94.800,0.000,90.000,197.056
8557,1164.800,-3675.000,94.800,0.000,90.000,197.056
3437,1099.800,-3696.399,109.199,0.000,0.000,20.000
3437,1097.699,-3689.600,109.199,0.000,0.000,19.995
3437,1119.400,-3684.100,109.199,0.000,0.000,19.995
3437,1117.199,-3676.899,109.199,0.000,0.000,19.995
3437,1129.199,-3678.199,109.199,0.000,0.000,19.995
3437,1126.800,-3670.300,109.199,0.000,0.000,19.995
3437,1147.400,-3661.600,109.199,0.000,0.000,21.406
3437,1145.500,-3655.899,109.199,0.000,0.000,21.406
3437,1155.300,-3650.000,109.199,0.000,0.000,21.406
3437,1157.500,-3656.899,109.199,0.000,0.000,21.406
8557,1228.500,-3653.600,94.800,0.000,90.000,197.056
8557,1154.000,-3678.600,94.800,0.000,90.000,197.056
8557,1227.000,-3648.699,94.800,0.000,90.000,197.056
8557,1225.500,-3643.799,94.800,0.000,90.000,197.056
8557,1219.500,-3624.199,94.800,0.000,90.000,197.056
8557,1218.000,-3619.299,94.800,0.000,90.000,197.056
8557,1224.000,-3638.899,94.800,0.000,90.000,197.056
8557,1220.099,-3626.500,94.800,0.000,90.000,197.056
3437,1221.300,-3635.100,109.199,0.000,0.000,21.406
3437,1219.199,-3628.899,109.199,0.000,0.000,21.406
8557,1292.199,-3632.200,94.800,0.000,90.000,197.056
8557,1290.699,-3627.300,94.800,0.000,90.000,197.056
8557,1289.199,-3622.399,94.800,0.000,90.000,197.056
8557,1287.699,-3617.499,94.800,0.000,90.000,197.056
8557,1286.199,-3612.599,94.800,0.000,90.000,197.056
8557,1284.699,-3607.699,94.800,0.000,90.000,197.056
8557,1281.699,-3597.899,94.800,0.000,90.000,197.056
3437,1280.800,-3600.399,109.199,0.000,0.000,21.406
3437,1282.699,-3606.100,109.199,0.000,0.000,21.406
8557,1223.199,-3636.699,94.800,0.000,90.000,197.056
8838,1364.299,-3576.099,111.295,0.000,0.000,199.995
8838,1373.358,-3573.173,111.552,5.026,2.905,199.868
8838,1382.376,-3570.213,112.319,10.036,5.861,199.478
8838,1391.317,-3567.187,113.588,15.023,8.915,198.819
8838,1400.139,-3564.062,115.347,19.967,12.106,197.858
8838,1408.806,-3560.808,117.578,24.851,15.507,196.561
8838,1417.283,-3557.393,120.257,29.652,19.187,194.875
8838,1425.535,-3553.790,123.357,34.337,23.230,192.727
8838,1433.531,-3549.971,126.847,38.875,27.740,190.036
8838,1441.242,-3545.915,130.690,43.220,32.860,186.668
8838,1448.642,-3541.596,134.847,47.301,38.732,182.493
8838,1455.708,-3536.999,139.276,51.031,45.543,177.335
8838,1462.422,-3532.105,143.930,54.299,53.470,171.024
8838,1575.099,-3422.000,151.695,74.816,258.332,132.209
3437,1554.500,-3446.199,172.199,63.945,197.479,19.951
3437,1554.500,-3446.199,167.600,63.940,197.479,19.951
8838,1468.768,-3526.902,148.763,56.958,62.616,163.460
8838,1581.295,-3418.267,148.310,76.113,272.142,117.910
8838,1587.656,-3414.819,144.928,76.475,287.649,101.854
8838,1594.176,-3411.659,141.569,75.816,302.744,86.143
8838,1600.849,-3408.785,138.254,74.262,315.554,72.658
8838,1607.670,-3406.198,135.002,72.064,325.535,61.940
8838,1614.630,-3403.897,131.834,69.428,333.001,53.668
8838,1621.724,-3401.878,128.769,66.505,338.543,47.246
8838,1628.942,-3400.139,125.826,63.396,342.674,42.160
8838,1636.275,-3398.673,123.023,60.172,345.767,38.034
8838,1643.715,-3397.475,120.379,56.865,348.090,34.601
8838,1651.252,-3396.537,117.910,53.508,349.826,31.673
8838,1658.876,-3395.850,115.634,50.125,351.106,29.113
8838,1666.578,-3395.407,113.566,46.724,352.018,26.828
8838,1674.345,-3395.195,111.721,43.319,352.628,24.752
8838,1682.168,-3395.204,110.114,39.913,352.985,22.829
8838,1690.036,-3395.421,108.757,36.518,353.122,21.022
8838,1697.936,-3395.834,107.662,33.145,353.067,19.297
8838,1705.858,-3396.429,106.840,29.789,352.831,17.633
8838,1713.790,-3397.190,106.301,26.460,352.435,16.001
8838,1721.720,-3398.103,106.054,23.164,351.886,14.392
8838,1729.637,-3399.152,106.107,19.912,351.188,12.782
8838,1737.530,-3400.319,106.464,16.699,350.348,11.167
8838,1745.386,-3401.588,107.132,13.529,349.370,9.530
8838,1753.196,-3402.943,108.115,10.420,348.250,7.860
8838,1760.947,-3404.364,109.413,7.371,346.992,6.146
8838,1768.628,-3405.833,111.030,4.383,345.591,4.383
8838,1776.230,-3407.334,112.964,1.472,344.047,2.554
8838,1783.743,-3408.846,115.214,358.643,342.350,0.653
8838,1791.155,-3410.353,117.777,355.902,340.504,358.676
8838,1798.458,-3411.834,120.649,353.254,338.499,356.610
8838,1805.644,-3413.273,123.825,350.716,336.335,354.451
8838,1812.703,-3414.651,127.298,348.294,334.000,352.194
8838,1819.626,-3415.950,131.060,345.997,331.501,349.826
8838,1826.408,-3417.152,135.103,343.839,328.826,347.349
8838,1833.041,-3418.240,139.416,341.823,325.980,344.761
8838,1839.519,-3419.198,143.988,339.971,322.965,342.064
8838,1845.836,-3420.010,148.806,338.285,319.779,339.252
8838,1851.988,-3420.660,153.858,336.780,316.422,336.346
6959,1569.599,-3465.799,169.100,0.000,90.000,38.150
6959,1538.500,-3427.000,169.100,0.087,271.263,38.150
6959,1556.300,-3450.800,147.399,64.731,275.954,33.552
6959,1552.900,-3443.500,192.500,64.731,275.949,33.546
8838,1943.899,-3428.399,191.600,0.000,90.000,109.995
8838,1948.607,-3426.456,189.572,0.000,90.000,114.864
8838,1953.133,-3424.120,187.545,0.000,90.000,119.729
8838,1957.444,-3421.409,185.518,0.000,90.000,124.594
8838,1961.510,-3418.342,183.491,0.000,90.000,129.459
8838,1965.302,-3414.942,181.464,0.000,90.000,134.324
8838,1968.791,-3411.232,179.437,0.000,90.000,139.189
8838,1971.953,-3407.239,177.410,0.000,90.000,144.054
8838,1974.765,-3402.993,175.383,0.000,90.000,148.918
8838,1977.206,-3398.523,173.356,0.000,90.000,153.783
8838,1979.260,-3393.863,171.329,0.000,90.000,158.648
8838,1980.911,-3389.045,169.302,0.000,90.000,163.513
8838,1982.148,-3384.105,167.275,0.000,90.000,168.378
8838,1982.962,-3379.077,165.248,0.000,90.000,173.243
8838,1983.346,-3373.999,163.221,0.000,90.000,178.108
8838,1983.298,-3368.906,161.194,0.000,90.000,182.972
8838,1982.818,-3363.836,159.167,0.000,90.000,187.837
8838,1981.910,-3358.824,157.140,0.000,90.000,192.702
8838,1980.580,-3353.908,155.113,0.000,90.000,197.567
8838,1978.838,-3349.122,153.086,0.000,90.000,202.432
8838,1976.697,-3344.501,151.059,0.000,90.000,207.297
8838,1974.171,-3340.079,149.032,0.000,90.000,212.162
8838,1971.279,-3335.886,147.005,0.000,90.000,217.027
8838,1968.043,-3331.954,144.978,0.000,90.000,221.891
8838,1964.484,-3328.311,142.951,0.000,90.000,226.756
8838,1960.629,-3324.982,140.924,0.000,90.000,231.621
8838,1956.506,-3321.992,138.897,0.000,90.000,236.486
8838,1952.145,-3319.363,136.870,0.000,90.000,241.351
8838,1947.576,-3317.114,134.843,0.000,90.000,246.216
8838,1942.832,-3315.259,132.816,0.000,90.000,251.081
8838,1937.949,-3313.814,130.789,0.000,90.000,255.945
8838,1932.960,-3312.788,128.762,0.000,90.000,260.810
8838,1927.902,-3312.189,126.735,0.000,90.000,265.675
8838,1922.812,-3312.020,124.708,0.000,90.000,270.540
8838,1917.726,-3312.285,122.681,0.000,90.000,275.405
8838,1912.681,-3312.979,120.654,0.000,90.000,280.270
8838,1907.713,-3314.099,118.627,0.000,90.000,285.135
8838,1898.099,-3317.600,121.800,90.000,153.434,231.429
8838,1893.618,-3319.959,121.800,90.000,153.434,237.236
8838,1889.398,-3322.760,121.800,90.000,153.434,243.042
8838,1885.483,-3325.974,121.800,90.000,153.434,248.849
8838,1881.913,-3329.567,121.800,90.000,153.434,254.655
8838,1878.725,-3333.502,121.800,90.000,153.429,260.458
8838,1875.952,-3337.741,121.800,90.000,153.434,266.268
8838,1873.622,-3342.238,121.800,90.000,153.434,272.075
8838,1871.758,-3346.948,121.800,90.000,153.434,277.881
8838,1870.381,-3351.822,121.800,90.000,153.434,283.687
8838,1869.504,-3356.810,121.800,90.000,153.434,289.494
8838,1869.136,-3361.862,121.800,90.000,153.434,295.300
8838,1869.281,-3366.925,121.800,90.000,153.434,301.107
8838,1869.937,-3371.947,121.800,90.000,153.434,306.913
8838,1871.098,-3376.877,121.800,90.000,153.434,312.720
8838,1872.752,-3381.664,121.800,90.000,153.434,318.526
8838,1874.881,-3386.260,121.800,90.000,153.434,324.333
8838,1877.465,-3390.616,121.800,90.000,153.434,330.139
8838,1880.476,-3394.688,121.800,90.000,153.434,335.946
8838,1883.884,-3398.436,121.800,90.000,153.434,341.752
8838,1887.653,-3401.819,121.800,90.000,153.434,347.558
8838,1891.746,-3404.803,121.800,90.000,153.434,353.365
8838,1896.119,-3407.358,121.800,90.000,153.434,359.171
8838,1900.728,-3409.458,121.800,90.000,153.434,4.978
8838,1905.526,-3411.080,121.799,90.000,153.434,10.784
8838,1910.463,-3412.209,121.799,90.000,153.434,16.591
8838,1915.490,-3412.833,121.799,90.000,153.434,22.397
8838,1920.554,-3412.944,121.799,90.000,153.434,28.204
8838,1925.603,-3412.543,121.799,90.000,153.434,34.010
8838,1930.585,-3411.633,121.799,90.000,153.434,39.817
8558,2024.500,-3381.599,117.699,0.000,0.000,14.346
8558,2063.300,-3370.600,117.699,0.000,0.000,14.342
3437,1947.199,-3405.299,119.000,86.879,270.000,15.952
3437,1958.399,-3402.099,119.000,86.879,90.000,15.952
8558,2062.299,-3366.699,119.500,89.978,0.000,14.342
1632,2078.100,-3362.800,119.199,347.280,0.000,284.239
8838,2149.500,-3350.399,118.195,354.836,57.854,102.848
8838,2154.244,-3347.773,116.746,351.771,58.441,107.819
8838,2158.818,-3344.743,115.562,348.766,59.293,112.862
8838,2163.173,-3341.326,114.636,345.849,60.424,118.009
8838,2167.265,-3337.543,113.955,343.042,61.842,123.288
8838,2171.049,-3333.422,113.505,340.372,63.539,128.721
8838,2174.486,-3328.991,113.271,337.879,65.549,134.335
8838,2177.540,-3324.281,113.233,335.582,67.840,140.136
8838,2180.176,-3319.328,113.372,333.511,70.427,146.145
8838,2182.370,-3314.169,113.665,331.699,73.289,152.363
8838,2184.095,-3308.845,114.087,330.183,76.404,158.774
8838,2185.333,-3303.396,114.614,328.980,79.744,165.360
8838,2186.072,-3297.864,115.219,328.123,83.259,172.095
8838,2186.301,-3292.294,115.875,327.623,86.896,178.928
8838,2186.018,-3286.730,116.555,327.496,90.587,185.806
8838,2185.224,-3281.214,117.231,327.744,94.268,192.678
8838,2183.927,-3275.791,117.874,328.359,97.877,199.484
8838,2182.138,-3270.503,118.457,329.331,101.337,206.174
8838,2179.875,-3265.390,118.953,330.633,104.611,212.706
8838,2177.160,-3260.493,119.341,332.253,107.652,219.061
8838,2174.020,-3255.847,119.587,334.149,110.427,225.211
8838,2170.485,-3251.488,119.671,336.295,112.920,231.154
8838,2166.592,-3247.446,119.573,338.661,115.121,236.895
8838,2162.378,-3243.750,119.272,341.215,117.027,242.447
8838,2157.886,-3240.424,118.750,343.929,118.640,247.829
8838,2153.162,-3237.489,117.992,346.772,119.965,253.062
8838,2148.252,-3234.963,116.984,349.720,121.007,258.172
8838,2143.205,-3232.858,115.717,352.747,121.772,263.187
8838,2138.073,-3231.181,114.181,355.827,122.265,268.134
8838,2132.907,-3229.938,112.372,358.938,122.489,273.042
8838,2127.759,-3229.127,110.287,2.057,122.447,277.941
8838,2122.680,-3228.743,107.928,5.161,122.137,282.858
8838,2117.722,-3228.778,105.297,8.227,121.557,287.824
8838,2112.615,-3225.330,96.278,11.231,120.704,292.866
8838,2107.725,-3222.268,87.003,14.148,119.573,298.013
8838,2103.100,-3219.572,77.483,16.954,118.156,303.291
8838,2098.782,-3217.214,67.730,19.619,116.450,308.725
8838,2095.289,-3219.739,64.707,23.693,112.930,318.236
8838,2092.479,-3222.693,61.376,27.152,108.594,328.310
8838,2090.430,-3225.969,57.801,29.851,103.503,338.953
8838,2089.201,-3229.453,54.050,31.656,97.797,350.083
8838,2088.825,-3233.024,50.200,32.465,91.707,1.530
8838,2089.310,-3236.558,46.327,32.229,85.529,13.049
8838,2090.642,-3239.932,42.512,30.964,79.577,24.381
8838,2092.780,-3243.030,38.831,28.743,74.124,35.308
8838,2095.662,-3245.740,35.357,25.685,69.359,45.700
8838,2099.201,-3247.965,32.157,21.932,65.386,55.517
8838,2103.296,-3249.618,29.290,17.628,62.238,64.794
8838,1902.857,-3315.636,116.599,0.000,90.000,289.995
8838,2107.759,-3251.578,27.812,16.096,61.372,67.781
8838,2112.354,-3253.318,26.467,14.522,60.595,70.722
8838,2117.065,-3254.833,25.259,12.912,59.908,73.620
8838,2121.877,-3256.117,24.191,11.271,59.308,76.481
8838,2126.775,-3257.167,23.268,9.603,58.796,79.309
8838,2131.743,-3257.980,22.492,7.912,58.369,82.109
8838,2136.766,-3258.552,21.866,6.203,58.028,84.887
8838,2141.827,-3258.882,21.392,4.479,57.771,87.646
8838,2146.910,-3258.969,21.071,2.745,57.598,90.392
8838,2151.999,-3258.812,20.904,1.004,57.508,93.131
8838,2157.077,-3258.413,20.892,359.262,57.502,95.866
8838,2162.128,-3257.771,21.035,357.521,57.579,98.604
8838,2167.136,-3256.890,21.333,355.786,57.739,101.348
8838,2172.085,-3255.773,21.783,354.060,57.983,104.105
8838,2176.959,-3254.422,22.386,352.348,58.311,106.880
8838,2181.743,-3252.841,23.139,350.650,58.721,109.676
8838,2186.421,-3251.039,24.040,348.982,59.224,112.500
8838,2190.978,-3249.017,25.086,347.336,59.810,115.355
8838,2195.400,-3246.784,26.272,345.717,60.479,118.245
8838,2199.671,-3244.345,27.597,344.141,61.243,121.179
8838,2203.780,-3241.711,29.055,342.603,62.094,124.156
8838,2207.713,-3238.889,30.642,341.109,63.043,127.190
8838,2211.456,-3235.887,32.352,339.658,64.072,130.264
8838,2214.500,-3245.099,51.900,308.122,73.493,130.935
8838,2216.520,-3242.799,55.964,306.386,86.132,146.777
8838,2217.794,-3240.066,60.058,306.853,99.277,163.108
8838,2218.287,-3236.980,64.077,309.438,111.280,178.335
8838,2217.982,-3233.627,67.889,313.758,121.146,191.491
8838,2216.888,-3230.107,71.397,319.350,128.721,202.483
8838,2215.040,-3226.518,74.494,325.816,134.313,211.651
8838,2212.486,-3222.966,77.093,332.863,138.306,219.462
8838,2209.303,-3219.552,79.118,340.290,141.031,226.312
6959,2137.399,-3132.299,54.299,0.000,0.000,39.995
6959,2111.899,-3101.899,54.299,0.000,0.000,39.995
6959,2086.399,-3071.499,54.299,0.000,0.000,39.995
6959,2060.899,-3041.099,54.299,0.000,0.000,39.995
6959,2030.099,-3004.399,54.299,0.000,0.000,39.995
6959,2009.899,-2980.298,54.299,0.000,0.000,39.995
6959,1984.399,-2949.898,54.299,0.000,0.000,39.995
8557,1972.300,-2935.500,52.700,0.000,0.000,40.000
8557,1969.102,-2931.689,53.328,14.399,0.000,40.000
8557,1966.106,-2928.119,55.173,28.800,0.000,40.000
8557,1963.499,-2925.012,58.120,43.199,0.000,40.000
8557,1961.445,-2922.564,61.983,57.599,0.000,40.000
6959,1915.299,-2871.299,147.199,88.165,219.100,182.702
979,1916.099,-2871.500,143.600,0.000,0.000,221.105
3877,1919.599,-2868.099,143.600,0.000,0.000,0.000
3877,1912.300,-2874.600,143.600,0.000,0.000,0.000
8557,1961.900,-2922.899,47.200,0.000,299.307,131.408
8557,1963.662,-2924.897,42.835,0.000,303.493,131.408
8557,1965.630,-2927.129,38.677,0.000,307.679,131.408
8557,1967.793,-2929.582,34.747,0.000,311.865,131.408
8557,1970.141,-2932.244,31.067,0.000,316.051,131.408
8557,1972.660,-2935.101,27.655,0.000,320.237,131.408
8557,1975.337,-2938.136,24.530,0.000,324.423,131.408
8557,1978.157,-2941.334,21.709,0.000,328.609,131.408
8557,1981.107,-2944.679,19.207,0.000,332.795,131.408
8557,1984.169,-2948.151,17.037,0.000,336.981,131.408
8557,1987.328,-2951.733,15.211,0.000,341.167,131.408
8557,1990.567,-2955.406,13.739,0.000,345.353,131.408
8557,1993.868,-2959.149,12.627,0.000,349.539,131.408
8557,1997.214,-2962.943,11.883,0.000,353.725,131.408
8557,2000.587,-2966.767,11.510,0.000,357.911,131.408
8557,2003.968,-2970.602,11.511,0.000,2.097,131.408
8557,2007.341,-2974.427,11.885,0.000,6.283,131.408
8557,2010.687,-2978.221,12.629,0.000,10.470,131.408
8557,2013.988,-2981.964,13.742,0.000,14.656,131.408
8557,2017.227,-2985.636,15.215,0.000,18.842,131.408
8557,2020.385,-2989.218,17.042,0.000,23.028,131.408
8557,2023.447,-2992.690,19.213,0.000,27.214,131.408
8557,2026.396,-2996.034,21.716,0.000,31.400,131.408
8557,2029.217,-2999.232,24.537,0.000,35.586,131.408
8557,2031.894,-3002.267,27.662,0.000,39.772,131.408
8557,2034.412,-3005.123,31.075,0.000,43.958,131.408
8557,2036.759,-3007.784,34.756,0.000,48.144,131.408
6959,2057.799,-3036.799,54.299,0.000,0.000,39.995
8838,2107.699,-3090.099,85.599,297.636,341.449,294.862
8838,2111.572,-3090.743,81.588,303.189,344.371,298.234
8838,2115.744,-3091.068,77.847,308.810,346.392,300.731
8838,2120.188,-3091.092,74.418,314.471,347.849,302.678
8838,2124.875,-3090.831,71.341,320.158,348.925,304.266
8838,2129.774,-3090.307,68.650,325.865,349.738,305.612
8838,2134.849,-3089.544,66.377,331.584,350.348,306.786
8838,2140.066,-3088.568,64.550,337.313,350.803,307.839
8838,2145.386,-3087.407,63.189,343.042,351.128,308.803
8838,2150.772,-3086.092,62.313,348.786,351.354,309.719
8838,2156.185,-3084.655,61.935,354.528,351.481,310.594
8838,2161.585,-3083.128,62.062,0.271,351.520,311.453
8838,2166.933,-3081.546,62.696,6.013,351.473,312.313
8838,2172.191,-3079.944,63.835,11.755,351.337,313.191
18450,2265.000,-3039.500,66.300,12.719,0.000,27.173
3511,2227.599,-3051.299,68.199,9.854,4.295,359.252
8838,2302.899,-3020.299,65.029,0.000,12.623,297.301
8838,2308.814,-3020.915,64.943,14.044,13.021,294.093
8838,2314.574,-3021.909,66.045,28.041,14.339,290.453
8838,2319.906,-3023.396,68.221,41.912,17.081,285.705
8838,2324.565,-3025.455,71.291,55.478,22.687,278.299
8838,2328.349,-3028.131,75.018,68.133,35.938,263.375
8838,2331.110,-3031.431,79.124,76.876,74.338,223.357
12857,2383.699,-3125.899,77.800,12.711,0.000,47.065
12857,2412.699,-3152.599,68.900,12.705,0.000,47.065
8620,2631.500,-3393.199,44.500,42.596,270.000,24.560
8838,760.209,-3831.259,168.220,52.926,51.124,97.250
8838,875.700,-3890.600,268.100,9.075,115.187,200.404
8838,747.700,-3907.899,241.899,292.589,61.269,164.293
8838,2106.599,-3090.899,86.000,26.482,350.513,315.670
8838,2148.699,-3351.500,117.495,327.969,95.883,195.704
1383,854.899,-3845.899,88.300,0.000,0.000,319.998
1383,857.440,-3843.000,88.300,0.000,0.000,319.998
1383,859.799,-3847.199,88.300,0.000,0.000,319.998
8838,1943.300,-3429.699,191.600,0.000,90.000,201.616
8558,2062.000,-3365.719,120.599,0.071,0.000,14.342
8558,2005.099,-3381.299,101.900,0.000,270.000,14.414
8838,2214.899,-3246.099,50.895,350.117,143.069,234.223
8838,460.299,-3333.000,435.299,302.332,325.475,205.048
8838,571.000,-3203.899,482.000,0.000,1.186,49.993
3472,794.199,-2902.899,501.100,0.000,0.000,49.996
3472,768.399,-2933.699,499.100,0.000,0.000,49.996
3472,742.599,-2964.500,497.100,0.000,0.000,49.996
3472,716.799,-2995.299,495.100,0.000,0.000,49.996
3472,691.000,-3026.099,493.100,0.000,0.000,49.996
3472,613.599,-3118.500,487.100,0.000,0.000,49.996
3472,665.199,-3056.899,491.100,0.000,0.000,49.996
3472,639.399,-3087.700,489.100,0.000,0.000,49.996
3472,587.799,-3149.299,485.100,0.000,0.000,49.996
3472,562.000,-3180.099,483.100,0.000,0.000,49.996
3472,824.799,-2927.599,501.100,0.000,0.000,49.996
3472,798.899,-2958.399,499.100,0.000,0.000,49.996
3472,747.099,-3019.999,495.100,0.000,0.000,49.996
3472,669.399,-3112.398,489.100,0.000,0.000,49.996
3472,617.599,-3173.998,485.100,0.000,0.000,49.996
3472,773.000,-2989.199,497.100,0.000,0.000,49.996
3472,721.199,-3050.798,493.100,0.000,0.000,49.996
3472,695.299,-3081.598,491.100,0.000,0.000,49.996
3472,643.500,-3143.198,487.100,0.000,0.000,49.996
3472,591.700,-3204.797,483.100,0.000,0.000,49.996
3472,848.399,-2899.599,503.000,0.000,0.000,49.996
3472,818.099,-2874.299,503.000,0.000,0.000,49.996
8838,592.000,-3178.899,482.600,0.000,356.281,49.993
8838,671.699,-3358.699,477.595,61.281,0.000,359.978
3511,466.799,-3319.199,433.100,344.761,9.789,359.296
3877,545.299,-3435.300,377.100,348.707,2.882,0.564
1290,698.000,-3432.100,407.500,0.000,0.000,359.994
3511,656.599,-3358.500,478.600,0.000,0.000,0.000
3511,686.699,-3358.599,478.600,0.000,0.000,0.000
8838,680.799,-3514.599,421.195,273.092,179.994,179.994
8838,680.799,-3516.099,417.895,316.845,179.994,179.994
8838,680.799,-3519.599,425.255,358.577,0.000,0.000
8838,683.099,-3604.599,381.995,48.098,0.000,0.000
8838,683.199,-3598.500,389.195,51.042,0.000,0.000
8838,683.099,-3601.399,385.695,49.570,0.000,0.000
8838,683.199,-3595.599,392.895,52.509,0.000,0.000
8838,683.199,-3594.099,393.095,322.772,0.000,0.000
8838,683.049,-3727.339,337.595,282.886,0.000,0.000
1318,683.200,-3750.899,339.799,0.000,0.000,0.000
8838,683.049,-3801.559,354.755,273.889,0.000,0.000
8838,683.049,-3802.769,351.605,315.571,179.994,179.994
8838,678.840,-3905.500,315.540,353.646,0.000,99.997
8838,863.599,-3838.199,105.000,0.000,62.183,48.693
8838,865.367,-3836.188,100.629,0.460,54.039,48.039
8838,867.488,-3833.774,96.636,1.081,45.900,47.514
8838,869.930,-3830.995,93.087,1.834,37.767,47.146
8838,872.651,-3827.899,90.041,2.689,29.636,46.959
8838,875.606,-3824.536,87.546,3.611,21.503,46.972
8838,878.748,-3820.960,85.645,4.561,13.361,47.199
8838,882.025,-3817.231,84.368,5.501,5.205,47.645
8838,885.382,-3813.410,83.736,6.388,357.029,48.311
8838,888.765,-3809.560,83.759,7.182,348.830,49.191
8838,892.119,-3805.743,84.438,7.844,340.606,50.269
8838,895.388,-3802.024,85.762,8.335,332.361,51.525
8838,898.518,-3798.461,87.707,8.622,324.100,52.931
8838,901.458,-3795.115,90.243,8.675,315.836,54.451
8838,904.160,-3792.040,93.328,8.471,307.581,56.047
8838,906.580,-3789.287,96.910,7.993,299.350,57.672
8838,959.799,-3732.699,117.400,70.831,0.000,288.583
3877,2205.000,-3220.800,79.000,13.580,224.435,32.761
3877,2208.699,-3214.100,73.300,11.112,225.961,34.442
1318,2205.800,-3245.199,40.500,0.000,0.000,0.000
1318,2201.000,-3247.000,36.299,0.000,0.000,0.000
1318,2196.500,-3248.500,33.200,0.000,0.000,0.000
1318,2214.500,-3242.000,50.900,0.000,0.000,0.000
1318,2217.100,-3238.899,56.099,0.000,0.000,0.000
1318,2217.899,-3235.300,62.000,0.000,0.000,0.000
1318,2217.199,-3229.699,67.599,0.000,0.000,0.000
8558,791.700,-3774.899,176.899,60.079,329.578,89.903
8558,773.900,-3809.699,166.699,59.848,329.804,89.646
3877,2336.100,-3047.000,77.400,77.164,90.000,201.892
3877,2335.899,-3046.600,75.500,77.162,90.000,201.890
3877,2335.699,-3046.199,73.699,77.162,90.000,201.890
3511,667.400,-3682.699,340.700,0.000,0.000,0.000
3511,698.599,-3682.699,340.700,0.000,0.000,0.000
3511,698.500,-3727.500,340.200,0.000,0.000,0.000
3511,667.500,-3727.500,340.200,0.000,0.000,0.000
3511,667.500,-3763.500,344.500,0.000,0.000,0.000
3511,698.599,-3763.500,344.500,0.000,0.000,0.000
3877,677.900,-3800.600,359.000,0.000,0.000,0.000
3877,687.900,-3800.600,359.000,0.000,0.000,0.000
3511,667.700,-3803.699,358.299,0.000,0.000,79.994
3511,698.099,-3803.600,358.299,0.000,0.000,79.991
3511,676.000,-3890.699,316.899,0.000,0.000,79.991
3511,681.099,-3919.899,316.899,0.000,0.000,79.991
3511,738.599,-3879.199,247.000,0.000,0.000,79.991
3511,751.299,-3921.199,249.399,0.000,19.785,79.991
3511,743.799,-3893.000,239.000,0.000,19.780,79.991
3511,872.000,-3870.399,258.399,328.610,15.492,94.146
3511,872.200,-3899.899,267.700,328.518,14.722,93.744
1290,668.000,-3432.100,407.500,0.000,0.000,359.989
1290,784.500,-3915.100,252.600,5.987,8.920,102.634
1290,812.799,-3910.100,254.699,357.508,8.877,103.958
1290,840.299,-3905.300,261.100,347.065,8.963,105.590
1290,809.099,-3879.600,243.600,357.506,8.876,103.958
1290,779.000,-3884.899,241.399,5.987,8.920,102.634
1290,838.200,-3874.600,250.500,347.063,8.959,105.589
979,921.200,-3825.800,296.899,0.000,116.229,182.821
979,926.200,-3825.600,286.899,0.000,116.224,182.817
3877,932.799,-3825.500,271.600,67.014,169.086,100.065
3877,923.000,-3825.699,291.600,67.011,169.085,100.063
3877,790.400,-3759.600,201.399,295.867,48.121,279.419
979,787.500,-3759.399,206.100,14.469,67.889,331.226
979,792.500,-3759.199,196.199,14.468,67.884,331.221
3877,927.899,-3825.500,281.500,67.011,169.085,100.063
3877,795.400,-3759.300,191.600,295.861,48.120,279.415
1318,813.900,-3735.800,196.300,0.000,0.000,0.000
1318,807.400,-3742.899,191.899,0.000,0.000,0.000
1318,802.000,-3750.199,188.500,0.000,0.000,0.000
1318,797.500,-3758.199,184.899,0.000,0.000,0.000
1290,790.099,-3766.599,185.399,349.942,347.437,57.771
1290,782.900,-3780.699,181.300,349.942,347.437,57.771
1290,775.700,-3794.800,177.100,349.942,347.437,57.771
1290,768.500,-3808.899,173.000,349.942,347.437,57.771
8838,759.200,-3832.199,168.699,337.769,30.464,154.500
3511,769.599,-3840.199,176.500,326.257,358.055,79.193
3511,747.700,-3823.500,162.899,326.255,358.049,79.189
3511,767.900,-3826.300,110.900,351.078,353.721,0.237
3511,792.500,-3843.799,117.400,349.892,348.728,359.208
8838,780.400,-3836.100,111.900,74.670,128.950,14.733
8838,2209.300,-3218.600,80.199,313.100,60.052,113.296
8838,2213.000,-3235.899,32.299,24.112,67.510,50.087
8838,1017.549,-3706.300,110.250,274.824,0.000,288.583
18228,507.299,-3449.600,378.700,7.012,7.119,106.085
18228,542.200,-3473.699,386.200,2.063,5.656,120.217
18228,572.500,-3480.699,396.500,6.490,17.071,138.467
18228,600.500,-3478.000,420.899,17.155,37.240,137.556
18228,703.099,-3941.299,293.799,33.898,328.820,177.105
18228,724.000,-3933.500,263.299,38.092,356.399,160.683
18225,859.000,-3933.199,257.600,0.000,0.000,260.000
18225,792.799,-3939.800,243.800,0.000,0.000,259.996
18225,752.000,-3957.000,243.800,0.000,0.000,259.996
18225,850.299,-3850.899,241.800,350.150,354.259,30.316
18225,790.500,-3863.399,227.199,350.150,354.259,37.383
18225,745.599,-3861.899,230.899,350.145,354.254,37.380
18225,721.799,-3858.800,249.500,25.353,4.684,56.143
18225,873.900,-3923.600,257.600,0.000,0.000,289.996
16133,779.900,-3767.699,170.500,335.383,15.579,135.318
18225,717.000,-3416.699,387.000,349.191,342.722,310.791
18225,737.299,-3418.399,401.299,349.189,342.718,310.786
18225,725.099,-3361.099,399.899,317.642,334.742,347.371
18225,589.000,-3422.600,359.700,311.342,28.495,68.786
18225,905.299,-3852.699,246.100,330.402,67.947,305.884
18225,918.799,-3837.800,247.500,328.229,65.837,307.631
18225,933.599,-3816.199,247.500,328.814,65.048,346.120
18225,930.000,-3793.699,246.399,306.022,50.138,343.887
18225,931.200,-3758.399,239.899,320.205,24.190,340.292
18225,961.200,-3812.500,248.500,328.227,65.835,147.628
18225,962.900,-3804.100,249.399,327.926,65.526,153.007
18225,965.400,-3770.600,262.000,1.322,20.789,315.723
18225,960.799,-3764.100,254.899,1.307,21.990,5.692
16133,763.099,-3794.799,162.800,335.379,15.578,135.313
16133,816.599,-3788.500,88.199,356.337,325.854,41.372
16133,807.899,-3801.399,73.699,18.110,317.746,97.778
1290,788.500,-3784.300,102.099,10.876,0.359,132.308
1290,849.799,-3869.600,65.900,0.000,0.000,158.586
1290,808.200,-3823.600,108.199,1.969,14.489,49.035
16133,868.599,-3860.399,61.299,354.206,322.886,313.722
16133,868.599,-3860.399,77.300,354.204,322.882,313.720
16133,868.599,-3860.399,93.400,354.204,322.882,313.720
16133,868.599,-3860.399,105.800,354.204,322.882,313.720
16133,864.699,-3860.199,61.299,354.204,322.877,259.475
16133,864.700,-3860.199,75.099,354.204,322.877,259.476
16133,864.700,-3860.199,87.199,354.204,322.877,259.476
16133,864.700,-3860.199,99.400,354.204,322.877,259.476
16133,775.400,-3772.000,87.699,13.832,324.768,137.674
16133,796.299,-3804.600,85.599,351.968,302.585,42.421
6959,786.400,-3818.399,84.629,67.830,0.000,319.987
16133,795.199,-3810.699,71.699,351.106,303.717,18.204
726,814.700,-3799.899,93.900,0.000,0.000,0.000
726,782.099,-3766.000,177.899,0.000,355.760,154.239
726,777.299,-3783.300,99.300,0.000,0.000,0.000
726,803.500,-3784.599,98.300,0.000,0.000,0.000
726,769.000,-3792.600,168.000,0.000,355.759,154.237
726,757.700,-3814.100,163.500,0.000,355.759,154.237
3511,966.000,-3746.500,119.099,0.000,0.000,0.000
726,846.500,-3852.199,70.800,0.000,0.000,0.000
726,867.000,-3839.000,71.099,0.000,0.000,0.000
726,847.200,-3850.600,97.400,0.000,0.000,0.000
726,869.799,-3841.799,109.300,0.000,0.000,0.000
726,872.200,-3833.199,95.300,0.000,0.000,0.000
3511,956.700,-3717.199,119.099,0.000,0.000,0.000
6959,870.099,-3836.800,39.900,270.000,180.000,180.000
6959,849.400,-3857.500,39.900,270.000,90.000,179.994
16133,862.299,-3857.500,32.900,80.814,47.027,184.809
16133,871.299,-3846.699,32.900,80.809,47.026,184.806
1290,866.000,-3837.199,65.099,0.000,0.000,278.585
1290,778.500,-3796.599,112.000,16.166,0.362,132.269
1290,822.900,-3812.100,100.900,1.966,14.485,49.031
18450,1916.500,-2872.000,141.600,0.977,46.642,311.434
3511,1939.500,-2886.899,113.300,27.007,33.006,343.554
3511,2096.500,-3080.100,84.900,13.978,335.615,348.552
8838,461.203,-3336.019,431.195,304.216,327.381,207.333
8838,463.494,-3342.282,423.282,308.102,330.578,211.293
8838,464.877,-3345.516,419.486,310.087,331.919,213.020
8838,466.415,-3348.813,415.805,312.096,333.117,214.610
8838,468.105,-3352.168,412.245,314.125,334.190,216.080
8838,469.943,-3355.577,408.813,316.172,335.154,217.446
8838,471.927,-3359.036,405.513,318.234,336.020,218.721
8838,474.052,-3362.539,402.352,320.309,336.801,219.917
8838,476.315,-3366.083,399.335,322.395,337.504,221.043
8838,478.711,-3369.661,396.466,324.492,338.137,222.105
8838,481.238,-3373.271,393.750,326.597,338.709,223.116
8838,483.889,-3376.906,391.192,328.711,339.224,224.078
8838,486.660,-3380.561,388.797,330.831,339.687,224.998
8838,489.547,-3384.232,386.567,332.957,340.102,225.880
8838,492.545,-3387.915,384.508,335.089,340.475,226.729
8838,495.647,-3391.603,382.622,337.225,340.806,227.550
8838,498.849,-3395.291,380.913,339.365,341.100,228.345
8838,502.146,-3398.976,379.383,341.509,341.359,229.118
8838,505.531,-3402.652,378.036,343.656,341.585,229.872
8838,508.998,-3406.313,376.874,345.805,341.779,230.610
8838,512.543,-3409.956,375.899,347.957,341.944,231.333
8838,516.158,-3413.574,375.113,350.110,342.079,232.046
8838,519.838,-3417.164,374.516,352.265,342.187,232.748
8838,523.577,-3420.720,374.111,354.421,342.268,233.444
8838,527.367,-3424.237,373.899,356.578,342.322,234.135
8838,531.202,-3427.712,373.880,358.736,342.350,234.822
8838,535.077,-3431.138,374.054,0.893,342.352,235.509
8838,538.984,-3434.512,374.421,3.051,342.328,236.196
8838,542.916,-3437.829,374.982,5.207,342.279,236.881
8838,546.868,-3441.084,375.735,7.360,342.202,237.579
8838,462.268,-3339.115,427.187,306.139,329.073,209.404
8838,551.723,-3442.958,376.238,10.856,342.021,238.721
8838,556.581,-3444.714,377.047,14.348,341.765,239.891
8838,561.424,-3446.343,378.160,17.834,341.431,241.098
8838,566.234,-3447.833,379.568,21.312,341.010,242.353
8838,570.993,-3449.177,381.267,24.780,340.495,243.669
8838,575.685,-3450.364,383.246,28.236,339.873,245.060
8838,580.292,-3451.387,385.498,31.677,339.132,246.544
8838,584.797,-3452.239,388.011,35.100,338.252,248.143
8838,589.185,-3452.912,390.774,38.500,337.210,249.881
8838,593.439,-3453.401,393.774,41.871,335.977,251.791
8838,597.545,-3453.700,396.998,45.208,334.515,253.913
8838,601.488,-3453.805,400.430,48.500,332.774,256.297
8838,605.254,-3453.712,404.057,51.736,330.691,259.010
8838,608.829,-3453.418,407.861,54.900,328.182,262.137
8838,612.202,-3452.921,411.825,57.971,325.138,265.789
8838,615.361,-3452.219,415.933,60.917,321.416,270.109
8838,618.294,-3451.314,420.165,63.697,316.832,275.283
8838,620.993,-3450.204,424.504,66.253,311.168,281.532
8838,623.448,-3448.891,428.930,68.503,304.184,289.095
8838,625.652,-3447.377,433.424,70.342,295.694,298.160
8838,627.598,-3445.666,437.965,71.645,285.701,308.725
8838,629.280,-3443.760,442.535,72.295,274.570,320.427
8838,630.693,-3441.666,447.112,72.219,263.068,332.499
8838,631.834,-3439.386,451.678,71.426,252.121,344.017
8838,632.701,-3436.929,456.211,70.001,242.423,354.288
8838,458.599,-3331.599,436.500,6.306,342.240,237.233
3511,450.199,-3343.000,442.000,344.756,9.783,359.291
979,538.400,-3445.000,380.100,0.000,17.541,54.239
979,542.400,-3439.399,377.899,0.000,17.539,54.239
3877,535.500,-3448.699,382.399,348.706,2.878,0.560
3877,552.000,-3426.100,373.399,348.706,2.878,0.560
18228,611.500,-3466.300,453.200,7.730,76.985,141.188
18225,614.700,-3421.699,375.200,311.341,28.493,68.785
18225,633.700,-3371.500,403.700,317.313,322.078,129.861
18225,638.000,-3410.600,390.200,310.537,359.989,174.656
3877,639.000,-3422.800,452.299,0.768,267.159,347.651
3877,639.000,-3423.299,450.799,0.763,267.154,347.645
3877,639.099,-3423.899,449.299,0.763,267.154,347.645
3437,1969.599,-3398.899,119.000,86.879,270.000,15.952
3437,1992.000,-3392.499,119.000,86.879,270.000,15.952
3437,2003.200,-3389.298,119.000,86.879,90.000,15.952
3437,1980.799,-3395.699,119.000,86.879,-270.000,15.952
8558,2023.500,-3377.699,119.500,89.944,0.000,14.342
8558,2023.199,-3376.699,120.599,0.071,0.000,14.342
18225,1145.800,-3715.699,105.500,357.254,14.146,291.779
18225,1193.500,-3696.100,115.199,341.621,359.995,269.882
18225,1256.099,-3684.300,112.599,342.195,345.135,242.628
18225,1269.800,-3557.399,112.599,342.191,345.130,32.623
18225,1240.199,-3581.699,94.400,335.783,140.657,319.232
18225,1206.500,-3591.800,94.400,335.780,140.652,303.683
18225,1166.400,-3604.800,94.400,22.629,44.243,277.386
18225,1141.900,-3626.600,94.400,22.626,44.241,287.382
18225,1109.300,-3630.500,94.400,329.380,88.597,291.802
719,1146.699,-3614.500,122.800,7.057,357.151,4.590
719,1087.199,-3623.300,109.000,0.000,355.760,1.413
719,1101.699,-3641.000,91.599,4.238,1.417,5.548
719,1129.000,-3727.399,91.900,354.371,354.314,343.893
719,1170.699,-3697.300,123.199,354.369,354.309,343.888
719,1195.800,-3708.199,132.300,8.102,342.854,344.112
719,1209.300,-3585.300,126.500,355.842,11.336,0.832
719,1234.699,-3682.699,123.000,354.357,355.729,332.721
719,1287.500,-3692.699,114.900,354.380,7.087,321.120
719,1288.900,-3654.399,128.199,354.375,352.884,319.720
719,1301.699,-3567.100,128.199,7.031,4.253,319.898
719,1249.500,-3564.800,119.900,7.039,357.128,320.766
8397,1189.199,-3705.699,105.000,352.348,293.861,351.726
8397,1114.199,-3616.199,90.699,0.000,301.523,43.811
8397,1206.400,-3707.600,100.099,313.820,349.764,338.442
8397,1217.000,-3568.500,113.500,2.433,64.458,247.960
8397,1309.699,-3667.800,95.599,313.818,349.760,68.439
8397,1188.900,-3703.100,109.699,347.827,310.458,1.668
8397,1150.800,-3618.600,93.099,351.527,4.280,33.144
8397,1279.199,-3544.199,97.699,313.667,328.408,144.606
3437,1551.400,-3442.699,164.199,353.610,183.643,36.153
3437,1558.500,-3449.699,175.100,357.749,191.742,25.248
3437,1543.400,-3434.100,159.699,353.605,183.641,36.150
3437,1547.599,-3437.899,156.300,69.602,190.388,39.373
3437,1547.400,-3437.100,162.600,69.598,190.387,39.369
3437,1547.199,-3436.800,167.100,69.598,190.387,39.369
3437,1561.000,-3454.600,170.500,352.156,183.653,36.243
3437,1564.400,-3457.500,177.899,69.657,191.569,31.117
3437,1565.099,-3458.800,167.000,69.598,190.382,36.463
3437,1566.000,-3459.199,170.699,349.733,186.533,47.376
17025,1548.099,-3430.699,123.599,25.152,21.960,293.209
17025,1551.969,-3437.184,121.469,25.152,12.960,293.209
17025,1555.478,-3444.123,120.424,25.152,3.960,293.209
17025,1558.541,-3451.346,120.491,25.152,354.960,293.209
17025,1561.082,-3458.675,121.668,25.152,345.960,293.209
17025,1563.039,-3465.930,123.926,25.152,336.960,293.209
17025,1564.364,-3472.931,127.210,25.152,327.960,293.209
17025,1565.023,-3479.507,131.438,25.152,318.960,293.209
17025,1565.001,-3485.496,136.507,25.152,309.960,293.209
17025,1564.299,-3490.750,142.292,25.152,300.960,293.209
17025,1562.933,-3495.139,148.650,25.152,291.960,293.209
17025,1560.937,-3498.556,155.424,25.152,282.960,293.209
17025,1558.360,-3500.917,162.449,25.152,273.960,293.209
17025,1555.266,-3502.163,169.551,25.152,264.960,293.209
17025,1551.731,-3502.264,176.555,25.152,255.960,293.209
17025,1547.843,-3501.217,183.288,25.152,246.960,293.209
17025,1543.695,-3499.048,189.585,25.152,237.960,293.209
17025,1539.392,-3495.811,195.291,25.152,228.960,293.209
17025,1535.039,-3491.585,200.266,25.152,219.960,293.209
17025,1530.742,-3486.474,204.386,25.152,210.960,293.209
17025,1526.608,-3480.604,207.550,25.152,201.960,293.209
17025,1522.739,-3474.119,209.681,25.152,192.960,293.209
17025,1519.230,-3467.180,210.726,25.152,183.960,293.209
17025,1516.167,-3459.957,210.659,25.152,174.960,293.209
17025,1513.626,-3452.628,209.482,25.152,165.960,293.209
17025,1511.669,-3445.373,207.224,25.152,156.960,293.209
17025,1510.344,-3438.372,203.940,25.152,147.960,293.209
17025,1509.685,-3431.796,199.712,25.152,138.960,293.209
17025,1509.707,-3425.807,194.643,25.152,129.960,293.209
17025,1510.409,-3420.553,188.858,25.152,120.960,293.209
17025,1511.775,-3416.164,182.500,25.152,111.960,293.209
17025,1513.771,-3412.747,175.725,25.152,102.960,293.209
17025,1516.348,-3410.386,168.701,25.152,93.960,293.209
17025,1519.442,-3409.140,161.599,25.152,84.960,293.209
17025,1522.976,-3409.039,154.595,25.152,75.960,293.209
17025,1526.865,-3410.086,147.862,25.152,66.960,293.209
17025,1531.012,-3412.255,141.564,25.152,57.960,293.209
17025,1535.316,-3415.492,135.858,25.152,48.960,293.209
17025,1539.669,-3419.718,130.884,25.152,39.960,293.209
17025,1543.966,-3424.829,126.764,25.152,30.960,293.209
17025,1548.099,-3430.699,123.599,25.152,21.960,293.209
6959,1570.099,-3466.600,202.199,0.087,271.263,38.150
6959,1541.199,-3424.500,202.199,0.087,271.263,38.150
6959,1537.900,-3427.199,143.800,0.093,271.263,38.155
6959,1574.300,-3472.899,142.800,0.087,271.263,38.144
6959,1580.099,-3481.000,177.699,0.087,271.263,38.150
6959,1556.900,-3447.399,226.000,0.087,271.263,38.150
1318,1472.199,-3521.399,152.199,0.000,0.000,0.000
1318,1474.800,-3519.199,154.000,0.000,0.000,0.000
1318,1477.500,-3516.899,156.100,0.000,0.000,0.000
1318,1472.199,-3521.399,152.199,0.000,0.000,0.000
1318,1474.800,-3519.199,154.000,0.000,0.000,0.000
1318,1477.500,-3516.899,156.100,0.000,0.000,0.000
8838,1568.890,-3425.820,155.000,75.125,266.519,123.673
8838,1568.099,-3425.100,156.100,1.420,345.147,30.446
1226,1594.199,-3413.500,157.600,0.000,0.000,124.346
1226,1600.599,-3409.899,154.100,0.000,0.000,124.343
1226,1607.099,-3406.699,150.600,0.000,0.000,124.343
1226,1613.800,-3403.699,147.100,0.000,0.000,124.343
1226,1620.599,-3401.100,143.699,0.000,0.000,124.343
8838,1574.300,-3421.239,152.899,5.333,345.071,31.551
8838,1580.599,-3417.399,149.300,358.937,346.120,29.854
8838,1586.800,-3414.000,145.899,355.496,347.083,28.943
8838,1593.300,-3410.800,142.399,351.891,347.984,27.981
8838,1600.000,-3407.800,139.100,349.278,348.854,27.207
8838,1606.900,-3405.100,135.800,346.164,349.661,26.298
1226,1587.900,-3417.300,161.100,0.000,0.000,124.343
3877,1863.000,-3422.300,167.199,0.000,0.000,0.000
3877,1860.699,-3422.199,164.899,0.000,0.000,0.000
3877,1858.399,-3422.099,162.599,0.000,0.000,0.000
3877,1856.099,-3421.999,160.299,0.000,0.000,0.000
3877,1864.699,-3418.770,165.500,0.000,0.000,0.000
3877,1862.300,-3418.600,163.199,0.000,0.000,0.000
3877,1859.900,-3418.430,160.899,0.000,0.000,0.000
3877,1857.500,-3418.259,158.599,0.000,0.000,0.000
18225,1293.399,-3663.799,112.599,342.191,345.130,282.623
18225,1856.599,-3420.199,126.900,350.634,316.878,318.707
18225,1819.699,-3413.500,105.900,2.703,93.817,219.781
18225,1790.099,-3409.100,87.500,2.702,93.812,219.776
726,1779.199,-3423.000,98.900,0.000,0.000,0.000
726,1796.800,-3383.000,113.000,0.000,0.000,0.000
726,1845.400,-3387.899,134.000,0.000,0.000,0.000
726,1843.099,-3440.800,137.600,0.000,0.000,0.000
726,1862.800,-3411.199,158.500,0.000,0.000,0.000
726,1876.300,-3438.899,164.199,0.000,0.000,0.000
726,1766.599,-3409.000,76.500,0.000,0.000,0.000
3511,2233.399,-3062.699,65.300,9.843,4.284,359.252
726,1818.099,-3400.100,130.000,0.000,0.000,0.000
3511,1580.500,-3417.899,161.399,12.447,344.273,3.460
1226,2005.400,-3382.500,124.099,0.000,0.000,105.492
1226,2012.300,-3380.699,124.099,0.000,0.000,105.490
1226,2019.200,-3378.899,124.099,0.000,0.000,105.492
1226,2026.100,-3377.099,124.099,0.000,0.000,105.492
1226,2039.900,-3373.499,124.099,0.000,0.000,105.492
1226,2033.000,-3375.299,124.099,0.000,0.000,105.492
3511,2080.100,-3361.300,122.000,357.388,353.124,87.830
3511,2069.899,-3363.800,122.000,357.385,353.122,87.830
3511,2059.699,-3366.300,122.000,357.388,353.124,87.830
3511,2049.499,-3368.800,122.000,357.388,353.124,87.830
8558,2006.400,-3386.199,99.000,0.000,270.000,14.414
3877,2083.000,-3367.800,120.500,0.000,0.000,14.473
3877,2044.900,-3378.300,120.500,0.000,0.000,14.468
3511,2148.600,-3358.199,131.699,355.347,54.160,94.553
3511,2147.300,-3341.500,105.599,353.690,54.377,96.853
978,2211.199,-3210.300,71.099,353.969,142.617,236.863
979,2203.600,-3223.699,82.500,340.581,141.639,226.972
979,2201.800,-3227.000,85.199,340.576,141.635,226.972
3578,1909.900,-2875.399,150.300,350.000,91.320,311.898
3578,1910.699,-2874.800,156.100,349.996,91.318,311.896
3578,1919.400,-2867.000,156.100,10.000,91.318,311.896
3578,1915.099,-2871.000,160.899,89.735,90.000,311.762
3578,1920.099,-2866.300,150.300,9.997,91.318,311.890
3578,1915.099,-2871.000,154.000,89.730,90.000,311.759
18228,1916.099,-2862.500,172.000,44.466,96.010,295.453
18228,1897.900,-2884.300,168.300,65.253,256.617,138.676
18228,1894.500,-2888.699,139.500,19.217,267.868,123.376
18228,1909.400,-2872.800,118.599,298.294,284.167,141.396
18228,1929.400,-2852.500,139.500,308.066,82.172,312.460
3511,1929.299,-2895.899,113.099,25.631,35.002,343.125
17026,2159.500,-3232.800,-3.000,15.061,345.348,256.709
17026,2123.500,-3234.100,-0.899,9.640,347.085,239.473
17026,2224.300,-3223.899,29.899,15.658,32.428,203.092
804,2152.600,-3230.699,17.100,0.000,0.000,0.000
804,2167.800,-3242.300,9.600,0.000,0.000,0.000
804,2138.100,-3237.699,17.299,0.000,0.000,0.000
804,2119.699,-3229.100,20.399,0.000,0.000,0.000
804,2137.800,-3231.600,15.399,0.000,0.000,0.000
804,2129.500,-3242.600,10.399,0.000,0.000,0.000
804,2112.300,-3230.300,16.299,0.000,0.000,0.000
804,2105.199,-3233.600,20.600,0.000,0.000,0.000
804,2177.199,-3239.800,12.399,0.000,0.000,0.000
804,2182.899,-3233.800,17.399,0.000,0.000,0.000
804,2176.100,-3225.000,26.399,0.000,0.000,0.000
804,2193.899,-3229.100,26.100,0.000,0.000,0.000
804,2203.399,-3232.199,20.700,0.000,0.000,0.000
804,2166.699,-3232.000,8.800,0.000,0.000,0.000
804,2170.100,-3226.300,14.500,0.000,0.000,0.000
804,2209.500,-3226.300,32.400,0.000,0.000,0.000
804,2216.500,-3230.600,43.700,0.000,0.000,0.000
804,2210.100,-3222.399,47.599,0.000,0.000,0.000
3437,2142.300,-3107.300,55.900,0.000,0.000,310.000
3437,2112.100,-3132.899,55.900,0.000,0.000,309.995
8557,1960.073,-2920.928,66.519,71.998,0.000,39.995
3437,2132.500,-3096.899,55.900,0.000,0.000,309.995
3437,2103.399,-3121.300,55.900,0.000,0.000,309.995
3437,2122.699,-3086.499,55.900,0.000,0.000,310.000
3437,2112.899,-3076.099,55.900,0.000,0.000,309.995
3437,2083.499,-3044.899,55.900,0.000,0.000,310.000
3437,2073.699,-3034.499,55.900,0.000,0.000,310.000
3437,2063.899,-3024.098,55.900,0.000,0.000,309.995
3437,2055.100,-3014.899,55.900,0.000,0.000,309.995
3437,2044.299,-3003.298,55.900,0.000,0.000,310.000
3437,2034.499,-2992.898,55.900,0.000,0.000,310.000
3437,2024.699,-2982.498,55.900,0.000,0.000,310.000
3437,1995.299,-2951.297,55.900,0.000,0.000,310.000
3437,1985.499,-2940.897,55.900,0.000,0.000,310.000
3437,2103.099,-3065.699,55.900,0.000,0.000,310.000
3437,2093.299,-3055.299,55.900,0.000,0.000,310.000
3437,2014.899,-2972.098,55.900,0.000,0.000,310.000
3437,2005.099,-2961.697,55.900,0.000,0.000,310.000
3437,1960.000,-2918.699,69.000,0.793,17.401,131.464
3437,2094.699,-3109.700,55.900,0.000,0.000,310.000
3437,2077.399,-3086.600,55.900,0.000,0.000,309.995
3437,2069.000,-3075.300,55.900,0.000,0.000,309.995
3437,2060.500,-3064.100,55.900,0.000,0.000,309.995
3437,2052.000,-3052.699,55.900,0.000,0.000,309.995
3437,2043.099,-3040.899,55.900,0.000,0.000,309.995
3437,2017.300,-3006.500,55.900,0.000,0.000,309.995
3437,2009.500,-2995.699,55.900,0.000,0.000,309.995
3437,1983.699,-2961.300,55.900,0.000,0.000,309.995
3437,1966.399,-2938.399,55.900,0.000,0.000,309.995
3437,2085.999,-3098.100,55.900,0.000,0.000,310.000
3437,2035.900,-3030.899,55.900,0.000,0.000,310.000
3437,2025.900,-3017.899,55.900,0.000,0.000,310.000
3437,2000.900,-2984.399,55.900,0.000,0.000,310.000
3437,1992.099,-2972.600,55.900,0.000,0.000,310.000
3437,1974.900,-2950.000,55.900,0.000,0.000,310.000
3511,1929.299,-2895.899,113.099,25.631,35.002,343.125
3511,2116.000,-3102.399,89.400,13.974,335.610,348.546
8838,2106.399,-3091.399,84.500,62.612,198.705,114.675
8838,2107.500,-3090.500,84.000,334.674,189.393,135.454
1290,2409.800,-3168.100,75.000,0.000,11.747,319.997
18225,1880.199,-3429.799,142.899,350.634,316.878,318.707
17026,2199.599,-3224.399,8.899,18.347,357.017,238.216
17026,2139.600,-3223.899,134.100,346.481,77.523,262.624
17026,2173.600,-3239.100,138.100,337.984,67.549,228.272
17026,2195.300,-3272.100,135.399,327.298,54.756,183.671
17026,2186.500,-3256.300,96.800,40.341,272.790,23.693
17026,2159.500,-3215.000,95.800,33.348,270.295,34.519
17026,2136.399,-3212.000,88.400,21.662,274.153,75.224
17026,2107.100,-3222.000,119.400,11.689,95.181,307.388
17026,2087.000,-3223.300,92.699,18.766,95.262,323.418
17026,2098.399,-3202.600,59.099,328.593,254.939,127.521
17026,2082.899,-3234.699,20.500,357.236,268.006,209.886
8357,765.099,-2968.099,497.600,2.746,0.000,319.982
8357,639.899,-3117.399,488.200,2.746,0.000,319.993
6959,2148.399,-3145.500,54.400,0.000,0.000,39.995
3437,1975.699,-2930.497,55.900,0.000,0.000,309.995
3437,1958.699,-2919.800,69.000,0.788,17.794,131.457
3437,1957.400,-2920.899,69.000,0.791,17.134,131.466
3511,2309.300,-3033.800,63.099,8.508,5.722,335.795
3511,2295.800,-3007.600,69.900,9.402,7.072,335.478
6959,1984.400,-2949.899,50.200,0.000,0.000,39.995
6959,2027.300,-3001.500,50.200,0.000,0.000,39.995
6959,2009.900,-2980.300,50.200,0.000,0.000,39.995
6959,2057.800,-3036.800,50.200,0.000,0.000,39.995
6959,2086.399,-3071.500,50.200,0.000,0.000,39.995
6959,2060.899,-3041.100,50.200,0.000,0.000,39.995
6959,2111.899,-3101.899,50.200,0.000,0.000,39.995
6959,2137.399,-3132.300,50.200,0.000,0.000,39.995
12857,2377.600,-3132.399,77.800,12.711,0.000,47.065
12857,2406.600,-3159.100,68.900,12.705,0.000,47.065
8838,2437.300,-3165.500,63.700,1.106,12.751,322.174
8838,2450.492,-3170.775,61.127,10.572,12.115,320.078
8838,2463.725,-3176.286,59.383,20.055,11.817,317.997
8838,2476.895,-3182.131,58.434,29.542,11.889,315.806
8838,2489.902,-3188.398,58.218,39.019,12.434,313.338
8838,2502.651,-3195.164,58.658,48.464,13.685,310.309
8838,2515.053,-3202.492,59.654,57.835,16.176,306.149
8838,2527.030,-3210.428,61.091,67.028,21.308,299.424
8838,2538.517,-3219.001,62.842,75.684,33.813,285.377
8838,2549.461,-3228.222,64.770,81.839,73.047,244.627
8838,2559.826,-3238.081,66.734,79.383,132.245,183.919
8838,2569.593,-3248.553,68.591,71.472,153.975,160.662
8838,2578.759,-3259.594,70.201,62.465,161.746,151.327
8620,2673.300,-3375.000,43.799,317.462,267.561,200.948
8357,2673.899,-3448.100,0.400,0.000,0.000,21.413
8838,2436.800,-3166.399,62.574,77.176,96.208,226.051
3511,2364.899,-3125.800,83.000,10.809,11.499,357.802
3511,2421.500,-3177.800,65.900,10.805,11.497,357.802
1290,2395.600,-3155.100,79.199,0.000,11.744,319.993
1290,2381.399,-3142.100,83.599,0.000,11.747,319.997
18225,1866.500,-3406.699,103.500,347.829,342.626,173.599
3877,638.599,-3425.300,448.100,0.763,267.154,347.645
3877,638.599,-3425.899,446.399,0.763,267.154,347.645
3877,638.500,-3426.300,445.000,0.763,267.154,347.645
3511,2182.899,-3090.399,67.699,5.217,348.269,332.803
3511,2162.800,-3067.500,63.000,5.213,348.266,334.216
